10327
124
125
126
127
128
130
130589
131
160287
1737
1738
2023
2026
2027
217
218
219
220
2203
221
222
223
224
226
229
230
2538
2597
26330
2645
2821
3098
3099
3101
387712
3939
3945
3948
441531
501
5105
5106
5160
5161
5162
5211
5213
5214
5223
5224
5230
5232
5236
5313
5315
55276
55902
57818
669
7167
80201
83440
84532
8789
92483
92579
9562
1431
1743
2271
3417
3418
3419
3420
3421
4190
4191
47
48
4967
50
5091
55753
6389
6390
6391
6392
8801
8802
8803
132158
221823
22934
2539
25796
414328
51071
5226
5631
5634
6120
64080
6888
7086
729020
8277
84076
9104
9563
10720
10941
231
27294
2990
51084
51181
54490
54575
54576
54577
54578
54579
54600
54657
54658
54659
57016
574537
6652
729920
7358
7360
7363
7364
7365
7366
7367
79799
9365
9942
197258
26007
2762
29925
29926
3795
4351
5207
5208
5209
5210
5372
5373
55556
57103
7264
8790
2548
2582
2584
2592
2595
2683
2717
2720
3906
3938
6476
8704
8972
93432
55586
2180
2181
2182
2194
23205
23305
27349
31
32
51703
54995
55301
81616
10449
10965
11332
117145
122970
1892
201562
284486
3030
3032
3033
401494
51102
51104
51144
51495
54898
5538
58489
60481
641371
64834
6785
79071
79993
81926
83401
9200
9374
9524
10455
126129
1374
1375
1376
1579
1632
1962
2639
284541
30
33
34
35
36
37
38
39
51
8310
3155
3157
3158
5019
54511
56898
622
64064
1056
10682
120227
1591
1594
1595
1717
1718
2222
3988
4047
50814
51478
6307
6309
6646
6713
7108
8435
10005
10858
10998
1109
1581
1582
1593
23600
3295
51302
570
6342
6718
80270
8309
9023
9420
10229
154807
1728
2677
27235
3242
51004
51805
6898
79001
84274
100861540
1312
1543
1544
1545
1551
1571
1576
1577
1583
1584
1585
1586
1588
1589
1645
1646
220074
3283
3284
3290
3291
3292
3293
3294
412
6715
6716
6783
6820
7923
79644
8630
8644
100532726
10063
10312
10476
10632
10975
125965
126328
127124
1327
1329
1337
1339
1340
1345
1346
1347
1349
1350
1351
1352
1353
1355
1537
155066
170712
23545
245972
245973
27068
27089
29796
341947
374291
440567
4508
4509
4512
4513
4514
4519
4535
4536
4537
4538
4539
4540
4541
4694
4695
4696
4697
4698
4700
4701
4702
4704
4705
4706
4707
4708
4709
4710
4711
4712
4713
4714
4715
4716
4717
4718
4719
4720
4722
4723
4724
4725
4726
4728
4729
4731
479
495
496
498
506
50617
509
51079
513
51382
514
515
516
51606
517
518
521
522
523
525
526
527
528
529
533
534
535
537
539
54539
5464
55967
56901
64077
7381
7384
7385
7386
7388
84701
8992
90423
9114
9167
9296
9377
9550
9551
100526760
1373
162417
27165
2744
2746
2747
2752
2805
2806
2875
383
384
435
445
4842
4843
4846
5009
84706
95
100
100526794
10201
102157402
10606
10621
10622
10623
107
10714
108
10846
109
111
11128
11164
112
113
114
115
115024
122481
122622
124583
131870
132
158
158067
159
1633
171568
1716
196883
203
204
205
221264
221830
2272
22875
22978
23649
246721
25885
2618
26289
270
271
27115
272
2766
2977
2982
2983
2984
2986
2987
29922
3000
30833
30834
318
3251
353
3614
3615
3704
374659
377841
390877
471
4830
4831
4832
4833
4860
4881
4882
4907
50484
50808
50940
51082
51251
51292
5136
5137
5138
5139
5140
5141
5142
5143
5144
5145
5146
5147
5148
5149
5150
5151
5152
5153
5158
5167
5169
51728
51816
5198
53343
54107
5422
5424
5425
5426
5427
5430
5431
5432
5433
5434
5435
5436
5437
5438
5439
5440
5441
5471
548644
5557
5558
55703
55718
55811
55821
56655
56953
56985
57804
58497
6240
6241
64425
646625
654364
661
7498
84172
84265
84284
84618
8622
8654
87178
8833
9060
9061
93034
953
9533
954
955
956
957
9583
9615
10
1548
9
129607
139596
1503
151531
1635
1723
1806
1807
1841
1854
1890
51727
51733
54963
56474
7083
7084
7298
7371
7372
7378
790
79077
83549
978
18
189
2346
2571
2572
259307
2673
284716
339983
440
443
56954
57494
64902
7915
8528
8659
9945
102724560
10993
113675
1491
1610
1757
211
212
23464
2593
26227
2628
2653
27232
2731
275
29958
29968
314
4128
4129
51268
55349
5723
635
63826
6470
6472
8639
875
9380
1036
10768
1786
1788
1789
191
23382
23743
262
2729
2730
27430
2937
4143
4144
4357
4507
4548
51074
55256
58478
586
587
6611
6723
7263
84245
11112
1629
197322
26275
27034
3028
316
3712
4329
4594
5095
5096
549
56922
593
594
64087
65985
84693
10157
10919
11105
123688
2145
2146
23067
23127
29072
387893
4297
51111
51166
5351
5352
54904
55217
55870
55904
56979
58508
6419
64324
6839
7468
7799
79709
79723
79813
79823
8085
80854
83852
84193
8424
84444
84787
85007
8985
93166
9739
9757
9869
102724788
112483
112817
112849
113451
1152
1158
1159
1160
26
283208
29920
4942
4953
5033
51056
54498
548596
55748
5625
57571
5831
5832
58510
6303
65263
79814
84735
8974
10841
131669
138199
144193
3034
3067
3176
1621
1638
1644
2184
2954
3081
4282
5409
7054
7173
7299
7306
81889
10249
5053
11185
121278
125061
130013
15
169355
23498
3620
438
56267
6999
7166
847
8564
883
8942
23417
339896
124975
2678
2686
2687
51380
84890
10390
5130
56994
5833
85465
9468
10587
114112
118672
22928
22929
4141
51091
51540
7296
92935
80017
119391
221357
257202
26873
27306
2876
2877
2878
2879
2880
2882
290
2936
2938
2939
2940
2941
2944
2946
2947
2948
2949
2950
2952
2953
373156
4257
4258
4259
493869
494143
51060
51471
653689
79017
79094
9027
9446
11181
178
2632
276
277
278
279
280
283209
2992
2997
2998
57733
5834
5836
5837
8908
10195
10905
11253
11282
11320
144245
146664
152586
1603
1650
1798
199857
201595
22845
23193
2530
25834
29880
29929
3703
4121
4122
4124
4245
4247
4248
4249
440138
54344
56052
57134
57171
6184
6185
6480
7841
79053
79087
79796
79868
7991
84620
84920
85365
8703
8813
8818
10825
129807
175
23324
2517
2519
2629
284004
3073
3074
4123
4125
4126
4758
4759
57704
64772
100528030
11226
11227
114805
117248
168391
192134
2589
2590
2591
26290
2650
29071
374378
442117
50614
51301
51809
55568
55808
56913
57452
63917
64409
6482
6483
79623
79695
8693
9245
9334
10585
145173
23275
23509
283464
285203
29954
3955
4242
56983
5986
6487
727936
8473
10329
10690
11041
120071
135152
148789
2218
2526
27087
55624
79147
84197
84892
9215
9486
10007
10020
1118
132789
140838
1727
27159
51005
51167
51700
51706
5238
54187
55577
55907
5973
606495
64841
6675
80146
80896
91373
10855
138050
23553
2588
2799
3373
3423
3425
411
4669
60495
6448
6677
8372
8692
10090
11285
113189
126792
166012
22856
26229
29940
337876
50515
51363
54480
55454
55501
55790
56548
64131
64132
79586
9469
10164
10678
4166
8534
8702
93010
9435
2131
2132
2134
2135
2137
222537
26035
266722
3340
64579
8509
90161
9348
9394
9653
9953
9955
9956
9957
10554
10555
11343
116255
119548
129642
137964
139189
150763
154141
1606
1607
1608
160851
1609
196051
23175
253558
2710
2712
346606
3990
4023
5406
5407
5408
55326
55750
56894
56895
57104
57678
64900
80168
80339
84513
84649
84803
8513
8525
8526
8527
8611
8612
8613
8694
9162
9388
9663
10423
113026
138429
200576
22876
22908
23007
23236
23396
253430
27124
3612
3613
3628
3631
3632
3633
3635
3636
3705
3706
3707
4534
4952
51196
51477
51763
5286
5287
5288
5289
5290
5291
5293
5294
5297
5298
5305
5330
5331
5332
5333
5335
5336
54928
55300
55361
55613
56623
5728
64419
64768
79837
80271
8394
8395
8396
84812
8776
8821
8867
8871
8897
8898
89869
9107
9108
9110
9651
9896
10026
128869
23556
2822
284098
51227
51604
5277
5279
5281
5283
54872
54965
55650
80055
80235
84720
84992
8733
9091
93183
94005
9487
9488
100137049
10162
1040
10400
10434
10908
1103
11145
1119
1120
11313
122618
123745
151056
162466
23171
23646
23659
23761
254531
255189
26279
2819
2820
283748
30814
375775
391013
3931
43
50487
5319
5320
5321
5322
5337
5338
54675
54947
55224
55500
56261
64600
64850
6901
79143
79888
81490
81579
8398
8399
8443
84647
8605
8681
8760
9489
9791
9926
133121
255043
284161
5048
5049
5050
5051
5168
7368
79153
7941
8540
9514
10728
11283
113612
127281
1555
1557
1558
1559
1573
2053
239
240
242
246
247
4048
4051
4056
5730
5740
5742
5743
6916
80142
8529
873
874
9536
9415
10558
10715
123099
125981
130367
166929
204219
2531
253782
2581
259230
29956
339221
340485
410
427
55304
55331
55512
55627
56624
56848
64781
6609
6610
7357
79603
81537
8560
8877
8879
91012
9331
9517
10317
10331
10402
2523
2524
2525
2527
2528
2529
2651
28
53947
6484
6489
79369
84002
8706
8707
8708
127550
26301
4668
256435
2583
27090
29906
30815
81849
8705
8869
9197
10873
134526
197257
2739
3029
4199
4200
97
98
283871
51179
54363
81888
55862
79611
116285
123876
142827
341392
348158
54988
6296
79944
100528021
10588
10797
10840
123263
160428
1719
200895
25902
441024
4522
4524
248
249
250
251
27010
52
79178
9054
53
54
55312
645
80308
493911
55163
57026
8566
10135
133686
23057
23475
23530
27231
349565
4837
54981
55191
554235
64802
65220
683
83594
93100
952
53354
55229
55350
60490
60496
79646
79717
80025
80347
8875
8876
3141
686
11019
387787
51601
10243
2356
2643
4337
4338
5092
55034
5805
5860
6697
84105
8836
10170
10901
145226
1562
157506
158835
1592
195814
216
29785
317749
339761
340665
50700
51109
53630
54884
56603
5959
6121
728635
8228
8608
8854
9227
9249
124454
1356
1371
2058
210
2235
2395
3052
3145
3162
3163
326625
5498
644
7389
7390
9843
10269
10654
116150
2224
2339
2342
23463
23590
3156
3422
4597
4598
51449
57107
79947
91734
9453
9986
11238
23632
377677
759
760
761
762
763
765
766
767
768
771
10380
23474
58472
6821
10056
10352
10667
123283
16
1615
2193
23395
23438
25973
2617
283459
3035
3376
3735
4511
4553
4555
4556
4558
4563
4564
4565
4566
4567
4568
4569
4570
4571
4572
4573
4574
4575
4576
4577
4578
4579
4677
51067
51520
5188
54938
55157
55278
55699
57038
57176
57505
5859
5917
6301
6897
7407
7453
79587
79731
80222
833
8565
107987478
107987479
1553
1564
1565
1572
2052
22977
6822
8574
2326
2327
2328
2329
2330
1066
4353
7172
8824
3992
55825
6319
79966
134147
283358
338707
3909
3911
54802
5980
64377
66008
8050
83539
9588
2098
10000
10018
1950
1956
1977
1978
2064
2065
207
208
2247
2261
2263
2309
2475
253314
2549
25759
2621
2885
2932
3082
3084
3265
3479
3480
3569
3570
369
3716
3717
3791
3845
399694
4233
4763
4893
5154
5155
5156
5159
5295
5296
53358
5578
5579
558
5582
5594
5595
56034
5604
5605
572
581
5894
596
598
6194
6198
6199
6464
6654
6655
6714
673
6774
7039
7422
80310
8503
9470
9542
1019
1026
1027
1029
1031
10498
10683
1432
182
1839
1869
1870
1871
2099
2100
2353
2778
28514
2852
3714
3725
4193
4313
4318
4851
4853
4854
4855
54567
5469
5566
5567
5568
5599
5600
5601
5602
5603
5747
5925
595
6300
638
6667
7157
8202
8647
9611
10057
10257
113235
1147
1244
2348
2350
2352
3551
3553
390243
4363
4790
5970
6573
7124
8517
8714
9429
1317
2067
27113
2956
317
329
330
331
332
355
356
4217
4292
4436
4437
472
5170
5366
538
540
54205
5429
578
637
672
7153
7155
7507
836
841
842
8772
10058
10060
10347
10349
10350
10351
1080
11194
154664
19
20
21
215
22
225
23456
23457
23460
23461
24
26154
340273
368
5243
5244
5825
5826
64137
64240
64241
6833
6890
6891
85320
89845
94160
9619
100169751
100169753
100169754
100169755
100169756
100169757
100169758
100169759
100169760
100169761
100169762
100169763
100169764
100169765
100169766
100169767
100169768
100288562
10171
101929601
101929627
10199
10248
10436
10482
10528
10556
10557
10607
10775
10799
10813
10885
10940
134430
138716
1457
1459
1460
166378
1736
2091
22803
23160
23195
23560
25996
26354
26851
27341
283106
28987
29102
29107
29889
3692
4549
4550
4809
4931
51068
51077
51096
51119
51367
51602
54433
54464
54552
54913
55127
55131
55226
55272
55341
55505
55651
55781
55813
55916
55998
56000
56001
57455
5822
5901
6023
643802
65083
6949
728343
7514
780851
780852
780853
79631
81691
83732
84128
84135
84916
92856
9724
9790
100526842
100529097
100529239
10573
11222
11224
124995
140032
140801
200916
2197
219927
23521
25873
28998
29074
29088
29093
3921
4736
51021
51023
51065
51069
51073
51081
51116
51121
51187
51263
51264
51318
51373
54460
54948
55052
55168
55173
6122
6123
6124
6125
6128
6129
6130
6132
6133
6134
6135
6136
6137
6138
6139
6141
6142
6143
6144
6146
6147
6150
6152
6154
6155
6156
6157
6158
6159
6160
6161
6164
6165
6166
6167
6168
6169
6170
6171
6173
6175
6176
6181
6182
6183
6187
6188
6189
6191
6192
6193
6201
6202
6203
6204
6205
6206
6207
6208
6209
6210
6217
6218
6222
6223
6224
6227
6228
6229
6230
6231
6232
6233
6234
6235
63875
63931
64928
64960
64963
64965
64968
64969
64979
64981
64983
65003
65005
65008
7311
79590
9045
9349
9553
9801
100101267
10073
10189
10209
10250
10284
10289
10419
10460
10605
10762
10921
11097
11102
11171
11218
11260
1207
129401
132430
140886
1915
1917
1964
1965
1967
1968
1973
1974
1975
1979
1981
1982
1983
22794
22916
22985
23165
23191
23225
23279
2332
23511
23636
25929
26019
26827
26986
26999
285190
340529
348995
3646
3837
387082
400966
4116
4686
4927
4928
5042
50628
51095
51808
53371
5411
54960
55110
55520
55706
55746
57122
57187
57510
5903
5905
59343
5976
60528
6396
645974
65109
65110
653489
6606
6607
6612
6613
7175
727851
728689
729857
7329
7341
79023
7919
79228
79760
79833
79897
79902
80145
8021
80336
8086
8087
81929
84220
84305
84321
8480
8487
8563
8637
8661
8662
8663
8664
8665
8666
8667
8668
8669
8672
8761
8890
8891
8892
8893
8894
9086
91181
94026
9513
9631
9669
96764
9688
9775
9818
9883
9939
9972
9984
100529063
10767
10898
10914
10978
11051
11052
124540
1477
1478
1479
2107
23049
23283
23293
23381
23708
26528
28227
29101
2935
29894
390748
4440
51585
51692
53918
53981
5499
5500
5501
55012
5515
5516
5518
5519
5520
5521
5522
5523
5525
5526
5527
5528
5529
55339
55844
56903
64895
79869
80335
8106
81608
8189
8731
8732
9887
10140
10200
10438
10766
10950
11044
11157
11340
115752
118460
154197
1656
167227
170506
196513
219988
22894
23016
23019
23404
23517
23644
23658
246175
255967
25804
25904
27257
27258
28960
29883
3313
3329
4848
4849
4850
5073
51010
51013
51690
51691
5393
5394
54512
54766
55802
56915
57472
57819
64282
6499
694
7832
80153
80349
84186
9125
9337
9652
9924
1022
10629
11036
129685
138474
2068
2071
27097
2957
2958
2959
2960
2961
2962
2963
2965
2966
2967
2968
2969
387332
404672
4331
51616
54457
6872
6873
6874
6875
6877
6878
6879
6880
6881
6882
6883
6884
6908
728340
730394
8148
83860
902
9519
9569
10535
1763
2237
246243
29935
3978
4171
4172
4173
4174
4175
4176
5111
5981
5982
5983
5984
5985
6117
6118
6119
6742
79621
84153
100534599
10084
10262
102724594
10285
10286
10291
10450
10465
10523
10569
10594
10713
10772
10907
10915
10929
10946
10992
11017
11325
11338
139804
144983
151903
153527
1655
1659
1665
199746
220988
22827
22938
23020
23350
23450
23451
24148
25766
25949
26121
27288
27316
27339
29896
3178
3183
3190
3192
3303
3304
3305
3306
3310
3312
4670
494115
5093
51340
51362
51503
51639
51645
51729
5356
55119
55660
55696
56259
56949
57461
58517
6100
6426
6427
6428
6429
6430
6431
6432
6434
6625
6626
6627
6628
6629
6631
6632
6633
6634
6635
6636
6637
7307
8175
83443
8449
84844
84950
84991
8559
8683
8896
9092
9128
9129
9343
9410
9416
9716
9785
9879
988
10197
10213
11047
122706
143471
23198
3458
51371
5682
5683
5684
5685
5686
5687
5688
5689
5690
5691
5692
5693
5694
5695
5696
5698
5699
5700
5701
5702
5704
5705
5706
5707
5708
5709
5710
5713
5714
5717
5718
5719
5720
5721
7979
9491
9861
10952
11231
196294
23478
23480
28972
29927
3309
5018
55176
58477
60559
6726
6727
6728
6729
6730
6731
6734
7095
83943
90701
9789
10062
10580
10999
11001
116519
123
1622
2167
2168
2169
2170
2171
2172
2173
28965
335
336
345
3611
364
376497
4312
440503
4973
51129
5346
5360
5465
5467
5468
6256
6257
6258
729359
7316
7350
9370
948
10038
10039
142
143
23583
252969
27301
27343
3146
328
3980
4350
4595
4913
4968
5423
55247
6996
7374
7515
79661
8930
100533467
1069
1161
1642
1643
2072
2073
2074
5886
5887
7508
8450
8451
9978
27030
5395
9156
10111
11073
146956
25788
29086
4361
4683
50511
51720
580
5888
5889
5890
5892
5893
5932
641
675
7156
7516
7517
79184
79728
80198
83990
84142
8438
8940
9577
1791
2547
27434
3981
5591
64421
7518
7520
79840
100526739
11201
116028
197342
201254
2175
2176
2177
2178
2187
2188
2189
22909
29089
3280
353497
378708
51426
51455
545
548593
55120
55215
57599
57697
7398
79008
80010
80233
84126
84464
91442
9894
100506012
10125
10235
10368
10369
10454
10746
10912
11184
11221
115727
1326
1386
1398
1399
1435
1436
1616
1647
1649
1843
1844
1845
1846
1847
1848
1849
1850
1852
1942
1943
1944
1945
1946
1969
2002
2005
2066
2069
2122
2246
2248
2249
2250
2251
2252
2253
2254
2255
2260
2264
2277
22800
22808
23118
2316
23162
2317
2318
2321
2322
2323
2324
23542
25780
26281
26291
27006
27091
27092
27330
2768
284
285
2872
3164
3315
3481
3552
3554
3556
3630
3643
3654
3727
374
3815
3925
408
409
4137
4149
4208
4214
4215
4216
4254
4296
4609
4615
4616
468
4772
4775
4791
4803
4804
4908
4909
4914
4915
5058
5062
51135
51295
51347
51378
51701
51776
5228
5494
5495
5530
5532
5533
5534
5535
5536
55799
55970
5598
5606
5607
5608
5609
57551
5778
5801
5871
5879
5880
5881
5906
5908
5921
5922
5923
5924
59283
59284
59285
5971
6195
6196
6197
6237
627
6416
6722
6788
6789
6885
7010
7040
7042
7043
7046
7048
7132
7186
7189
7423
7424
773
774
775
776
777
778
7786
779
781
782
783
784
785
786
7867
8074
80824
84867
8491
8550
8569
8649
8717
8817
8822
8823
8911
8912
8913
8986
9020
9064
9175
9252
9254
9261
929
9344
93589
9448
9479
9693
994
9965
998
10298
106821730
10718
145957
25
27
4690
5063
56924
57144
6776
6777
685
815
816
817
818
8440
867
868
100271927
10156
10681
10928
11186
163688
2113
2114
22821
23179
27040
2782
2783
2784
2785
2786
2787
2788
2790
2791
2792
2793
283455
2902
2903
2904
29110
3363
382
387
4301
4303
51365
51764
51806
54331
55770
5781
5863
5868
5869
5878
5898
5899
5900
59345
5966
64926
7074
7535
801
8036
805
808
810
8315
83593
8437
8831
8844
91860
94235
9462
9610
9771
9846
10411
10636
11069
1268
135
136
1499
1500
1813
1902
2149
23094
23566
2357
23683
2533
25865
26037
260425
2770
2771
2773
2775
2776
2846
2889
3397
345456
3674
3683
3684
3688
3689
3690
375189
3937
5028
50855
51735
5216
5217
54518
5584
5587
5590
56288
57121
57568
5909
60
64411
6494
7057
7094
71
7408
7410
83660
84552
84612
8631
889
9002
9170
9223
9564
9732
9855
9863
999
10105
102723407
10800
1128
1129
1131
1133
1139
146
147
148
153
154
155
1812
1816
185
1909
1910
2185
22953
2767
2769
2774
2905
2906
291
2911
2915
292
2925
293
3269
3274
3356
3357
3358
3360
3361
3362
340156
3708
3709
3710
3973
4638
487
488
489
490
491
492
4923
493
5021
5023
5024
5025
5026
5027
5255
5256
5257
5260
5261
5350
552
553
56413
57105
5724
5731
5733
5737
57620
623
624
6261
6262
6263
6543
6546
6547
6786
6865
6869
6870
6915
7125
7134
7201
7416
7417
7419
7852
80228
814
83447
84876
85366
886
887
90550
9127
91807
93129
9630
100271849
10242
10335
10398
10488
10672
1258
1259
134
1385
1388
140
146850
148327
150
151
152
157855
23439
23533
2626
27094
27345
3667
3764
3778
3779
4205
4207
4209
4625
4659
476
477
4773
4776
478
480
481
482
483
486
4879
4985
5581
5592
5593
5997
6093
64764
7225
84699
8471
8660
90993
9475
9586
10021
10451
116443
116444
117
1260
1261
1262
1387
139760
2033
2488
2492
2550
268
2693
2696
27198
2735
2737
2740
2867
2890
2891
2892
2893
3350
3351
3352
3354
3355
338442
3991
4158
4792
4852
4886
51738
5348
54714
56670
5727
5732
610
64399
6548
6662
6751
6752
6755
7137
7253
7409
7434
84152
8843
9568
10220
10344
10563
10663
10673
10803
10850
10913
11009
112744
115650
1230
1232
1233
1234
1235
1236
1237
1270
1271
130399
132014
133396
1437
1438
1439
1440
1441
1442
1443
146433
1489
149233
151449
1524
163702
1896
2056
2057
23495
23529
23765
246778
26525
2657
2658
2660
2661
2662
2688
2689
269
2690
27177
27178
27179
27189
27190
27242
27302
2826
282616
282617
282618
2829
2833
284340
2919
2920
2921
29949
338376
3439
3440
3441
3442
3443
3444
3445
3446
3447
3448
3449
3451
3452
3454
3455
3456
3459
3460
3467
353500
3557
3558
3559
3560
3561
3562
3563
3565
3566
3567
3568
3572
3574
3575
3576
3577
3578
3579
3581
3586
3587
3588
3589
3590
3592
3593
3594
3595
3596
3597
3598
3600
3601
3603
3604
3605
3606
3623
3624
3625
3626
3627
386653
388372
392255
3952
3953
3976
3977
4049
4050
4055
414062
4283
4352
4838
4982
5008
50604
50615
50616
51330
51554
51561
5196
5197
53342
53832
53833
5473
55504
55540
55801
5617
5618
56300
56477
56832
57007
58191
58985
59067
60401
608
6346
6347
6348
6349
6351
6352
6354
6355
6356
6357
6358
6359
6360
6361
6362
6363
6364
6366
6367
6368
6369
6370
6372
6373
6374
6375
6376
6387
64109
643
64806
650
651
652
653
654
655
656
657
658
659
6846
7066
7133
7292
729230
7293
7850
8200
83729
84639
84818
84957
85480
8600
8718
8740
8741
8742
8743
8744
8764
8771
8784
8792
8793
8794
8795
8797
8807
8808
8809
8995
90
90865
91
9173
9180
92
920
9210
9235
93
939
94
943
944
9466
9518
9547
9560
9573
958
959
970
9966
131890
156
157
1794
2268
2868
2869
2870
2931
3055
3702
3718
4067
4793
5580
57580
5829
6011
653361
6772
6773
7454
8976
9844
10892
114609
148022
23085
23586
23643
257397
29760
29775
3383
353376
3929
3932
51588
5328
55367
5588
597
6850
695
7099
7128
7185
7187
7188
7412
7706
79092
84433
8737
8837
8915
112398
112399
1536
1906
3091
405
4878
5054
5163
54583
6513
6921
6923
7018
7037
7076
7428
8453
100132074
100533105
10110
1017
102800317
1030
1032
10365
10733
10769
11337
11345
114907
116986
1263
1454
1901
2290
2308
23411
23678
23710
26260
3276
4087
4088
4089
51422
5347
53632
5562
5563
5564
5565
5571
5896
5897
5934
604
6446
6502
6517
664
6648
6794
7874
85417
8698
891
894
901
9133
9140
9454
9455
9456
117283
23262
51447
55529
90809
9677
9807
1509
1903
2205
2206
2207
2534
53637
8439
9294
10161
1759
1785
26052
27128
2912
2913
2914
2916
2917
2918
375
551
554
6009
7248
7249
9265
9266
9267
100996758
10203
10316
1081
10886
10888
11255
1132
1134
1135
1136
1137
1138
1140
1141
1142
1143
1144
1145
1146
122042
1241
1269
134860
134864
1394
1395
1511
165829
1814
1815
186
187
200959
2147
2150
2151
2358
2359
23620
2554
2555
2556
2557
2558
2559
2560
2561
2562
2563
2564
2565
2566
2567
2568
2569
2570
2587
2642
2692
27334
2741
2742
2743
2798
2831
2832
2834
2837
2847
2859
2862
286530
2894
2895
2897
2898
2899
2900
2901
2908
3001
3061
3062
319100
339403
3972
4142
4157
4159
4160
4161
4543
4544
4829
4887
4889
4986
4987
4988
5029
5030
5031
5032
51289
5340
53829
5540
55584
55879
5644
5645
5646
56923
57053
5729
5734
5739
5745
5746
59340
59350
6344
64106
6753
6754
680
706
7067
7068
719
7252
728
7433
7442
799
8001
83551
84539
84634
8484
8811
8973
9038
9248
9287
9340
9934
1021
10274
1028
10393
10459
10735
10744
10926
10971
1111
11200
1874
1875
23594
23595
246184
25847
27127
2810
29882
29945
3065
3066
4085
494551
4998
4999
5000
5001
51343
51433
51434
51529
5885
5933
64682
6500
699
701
7027
7029
7272
7465
7529
7531
7532
7533
7534
7709
8243
8317
8318
8379
8454
8555
8556
8697
8881
890
8900
896
898
9088
9126
9134
9184
9232
9700
983
990
991
993
995
996
100310812
100505767
100996746
102723555
102723849
10734
132864
151648
22849
23291
245711
26271
285955
286151
367
387778
388333
4342
441272
441273
442590
5241
64506
6790
729597
80315
8945
9748
9985
10572
143686
25898
27244
3486
3732
4194
51246
51512
5268
55240
56475
575
63970
64065
64326
64393
6477
7161
83667
84883
8493
900
92344
9538
9540
10054
10055
10075
10273
10277
10401
10477
11059
11060
11065
112401
118424
134111
140739
148581
22888
22954
23221
23295
23327
23624
23759
26091
26232
26259
26272
27338
3093
326
378884
389898
4281
4591
4734
5071
51366
51465
51619
5371
54926
55070
55236
55284
55294
55585
55958
57154
57448
63893
64750
65264
7317
7318
7319
7320
7321
7322
7323
7324
7325
7326
7327
7328
7332
7334
7337
79444
8065
83737
84447
8452
8554
8651
8916
8924
8925
89910
9021
90293
9039
9040
9063
9246
92912
9320
9354
9616
9690
9817
9820
9886
997
27304
348180
81605
90353
10228
10282
10490
10652
10791
112755
143187
2054
415117
51272
53407
55014
55850
662
6804
6809
6810
6811
6843
6844
6845
8417
8673
8674
8675
8676
8677
8773
9341
9342
9482
9527
9554
9570
10533
115201
23130
23192
26100
285973
30849
3476
441925
55054
55062
55102
57521
60673
64223
64422
79065
83734
84938
84971
8678
9474
9706
9776
10133
10241
10370
139341
192111
23786
338382
4077
4286
51024
54543
55288
55626
55669
64786
65018
665
7030
7314
7879
7942
79735
8408
84749
8878
8887
89941
9101
9451
9927
9958
10325
10645
10670
118471
1508
1514
1612
1613
2081
22863
23604
29982
3916
3920
440275
51100
53349
54541
55578
58476
58528
64121
64798
7405
81671
83452
84335
89849
9711
9821
100506742
10113
10130
10134
102724652
10294
10299
10427
10483
10484
10525
10802
10808
10956
10960
10961
10970
1409
1410
22824
22872
22926
23471
23640
23645
258010
25956
26270
267
27102
27248
285126
2923
29978
29979
30001
3300
3301
3320
3326
3337
3998
4287
4780
5034
50613
51009
51128
51360
51726
54431
54788
55432
55666
55741
55757
55768
55829
5589
55968
5610
5611
56605
56681
56886
56893
573
6048
6238
6400
64215
64374
6745
6746
6747
6748
7184
7353
7415
7466
7494
79139
79748
80267
80331
80343
80700
811
81567
821
823
824
85479
8720
91319
91445
92552
9373
9532
9601
9632
9695
9709
9871
10053
10239
10577
10717
1075
10947
11154
1174
1176
1200
1201
1203
1211
1212
1213
130340
1497
1510
1512
1513
1515
1519
1520
1521
1522
162
164
1777
22901
23062
23163
23431
256471
26088
26503
26985
27074
2760
285362
3482
4074
4864
4891
51172
5476
55353
5641
5660
57192
58511
6272
6556
768239
7805
79158
8120
8218
84572
8546
8722
8763
8905
8906
8907
8943
9179
9476
950
9516
967
968
9741
10015
100287171
100526767
10092
10093
10094
10095
10109
10193
10254
10552
10564
10565
10617
10890
10938
11021
11031
11267
112936
11311
116983
116984
116985
116987
116988
1173
1175
118813
128866
137492
147179
155382
160
1601
161
163
2060
22841
22905
23096
23111
23325
23362
23527
23550
253725
254122
25978
26056
26119
26286
27131
27183
27243
273
274
28964
29082
29924
29934
30011
30844
30845
30846
3105
3106
3107
3133
3134
3135
377
3798
3799
3800
381
387680
3949
4218
440073
50807
51019
51028
51160
5119
51324
51510
51534
51652
51699
55040
55048
55616
55737
55738
5662
56904
57132
57403
58513
58533
5867
60682
64145
644150
6455
6456
6457
64744
6642
6643
7251
7456
79643
79720
80223
80230
8027
81873
829
830
832
8411
84249
84313
84364
84440
857
858
859
8723
8724
8729
8766
8853
89853
9135
9146
91782
9230
92421
93343
93661
9372
9525
9559
9727
9744
9765
9798
9815
9829
9897
9922
10332
10333
10376
10381
10382
10383
11151
112714
113457
1311
1535
1778
1780
1781
1783
203068
2204
2209
2212
2213
2214
2215
22925
23673
30835
3108
3109
3111
3112
3113
3115
3117
3118
3119
3122
3123
3125
3126
3127
347688
347733
3673
3678
3685
3693
4153
4360
4481
4688
4689
51143
51807
6441
64581
653509
7058
7059
7060
7097
715
718
7277
7278
7280
729238
7846
78989
79659
79861
81027
81035
83547
84617
84790
8685
9103
949
9902
10478
11264
1384
1891
196743
255027
25824
26061
26063
283927
390916
4358
5052
51555
5189
5190
5191
5192
5193
5194
5195
5264
54677
55670
55711
5824
5827
5828
5830
6647
84188
84769
8504
8799
8800
92960
9409
10542
10641
107080638
11211
153129
1855
1856
1857
201163
220441
253260
2535
2887
28956
389541
4040
4041
51256
51384
51719
54361
54468
55004
55437
55615
57600
6249
6520
7471
7472
7473
7474
7475
7476
7477
7478
7479
7480
7481
7482
7483
7484
7855
79109
79726
7976
80326
81029
8131
8140
81617
8321
8322
8323
8324
8325
8326
84219
89780
92335
96459
9675
9681
10319
1101
11140
118788
1277
1278
1280
1282
1284
1285
1286
1287
1288
1291
1292
1293
1297
1298
1299
131873
200186
22798
22801
23035
23239
2335
256076
284217
29941
3371
3381
3655
3672
3675
3676
3679
3680
3691
3694
3695
3696
3908
3910
3912
3913
3914
3915
3918
4170
4515
4602
5585
5586
5649
63923
6696
7143
7148
7448
7450
8115
8515
8516
930
9623
10891
1938
1994
23216
29904
3172
51094
51552
5862
6720
79602
153090
1676
1677
2021
27429
3002
4000
4001
5414
5551
56616
5783
6708
6709
835
839
840
843
84823
8739
9131
26060
3170
81570
666
23516
23657
2495
2512
30061
440738
5094
5621
64116
8031
81631
84557
94033
10059
10379
10616
11035
11124
114548
124044
1540
197259
221613
27005
29108
3012
3013
3014
3015
317772
474381
474382
5478
5481
54822
55072
55506
55766
6775
6778
7098
723790
7297
81030
81858
8329
8330
8331
8332
8334
8335
8336
8337
8338
834
83740
85235
8969
92815
94239
9555
9825
10114
10758
132660
144715
147746
204851
2305
286826
28996
3364
3802
3803
3804
3805
4605
55957
57292
5810
5883
5928
59341
677
678
91750
10479
4624
4633
4634
4635
70
7139
7168
7169
7170
7171
1390
3753
3784
5502
6324
6330
6331
6332
10266
10267
10268
140465
23365
4629
4637
4660
54776
5583
59
72
800
9138
94274
9826
10023
10297
11197
122011
144165
1452
147111
1487
1488
166336
2239
22943
23002
23401
23500
25805
27101
27121
27123
27130
29964
324
4007
4316
50964
51176
5176
5663
56998
57216
57680
6422
6423
6424
6425
64321
64840
6907
6932
6934
79718
80319
8061
81839
8312
8313
83439
85407
85409
8607
8840
90665
9350
11317
113878
151636
171558
1840
196403
23220
23385
2648
3516
388585
51107
55534
55851
5664
6868
83464
84441
8650
8850
9253
9541
9612
9794
11127
132884
1453
1455
1456
2121
23432
2619
2736
339745
3549
374654
4036
50846
50937
51684
53944
6469
6608
8405
8643
91653
100532736
10468
10637
1634
3398
3399
3400
4052
4086
4090
4091
4092
4093
4681
5308
60436
7044
7050
8646
9241
10154
1020
10371
10500
10501
10505
10507
10509
10512
1072
1073
137970
1630
1808
1947
1948
1949
2041
2042
2043
2044
2045
2046
2047
2048
2049
2050
2051
219699
223117
2242
22854
22885
23380
23654
25791
27289
285220
29984
3897
3983
3984
3985
4917
5361
5362
5364
5365
54434
54437
54910
54961
55558
55740
56896
56920
57522
57556
57689
57715
59277
5998
6091
6092
6259
6405
64101
64218
64221
6585
6586
7220
7222
7223
7224
7869
80031
84448
84628
8482
85464
8633
8829
90249
9037
91584
9353
9423
9723
9901
9047
10014
1490
1958
4899
5327
7019
8862
9759
102725035
10288
10326
10859
10990
11006
11024
11025
11026
11027
126014
140885
2274
2354
23547
2355
27035
353514
3726
54209
55423
6688
7006
7305
79168
10207
10413
122786
126374
1495
1496
154796
166824
1739
174
1740
1741
1742
23286
23418
23513
25937
26524
286204
29119
3993
3996
4771
55233
60485
64398
6591
6657
7003
7004
7005
7159
79981
8463
84962
8994
9113
92597
54798
79633
83937
8642
9770
103910
10627
1729
1793
2909
29780
29895
394
4636
55742
58498
64098
7414
7791
81
87
93408
1605
22987
2811
2812
2814
2815
3161
3339
375790
51206
6382
6385
960
961
9899
9900
1000
1001
100132463
1002
1003
100506658
1013
102723996
10666
10686
1272
1364
1365
1366
137075
1462
1493
149461
201633
214
22829
22871
23114
23308
23562
23705
24146
257194
25945
26047
26285
2734
29126
29851
3384
3385
4099
4267
4359
4684
4685
4756
4897
49861
5010
50848
51208
5133
5175
53842
54413
57502
57555
57863
5788
5792
5797
5817
5818
5819
58494
6383
6401
6402
6403
6404
644672
6614
6693
6900
7122
79679
80380
80381
8174
83700
8506
9019
9071
9073
9074
9075
9076
9080
90952
914
923
925
926
933
9369
9378
9379
940
94030
941
942
947
965
9672
10163
10458
10810
117178
2241
4008
5770
5777
5787
5795
6615
7082
7525
81607
8826
8936
10096
10097
11149
11346
123720
150084
153562
154810
2017
22989
23370
27134
3059
3308
4478
4619
4620
4621
4622
4626
4627
4628
51421
51762
54566
55114
57180
57530
57644
57826
58538
5872
5962
653857
7430
79778
79784
84952
8531
861
8735
8777
909
910
911
912
913
9181
91862
92359
93643
9368
9414
2697
57369
100532731
10336
1749
2103
3175
3211
3670
3720
4211
4617
463
4762
5013
5080
5460
5462
55183
56916
5978
64211
648
6498
6926
6927
6929
7547
7703
79923
7994
80712
84108
84333
84759
8820
9314
9421
10544
10747
11326
1191
1361
1378
1380
1604
1675
2
2152
2153
2155
2157
2158
2159
2160
2161
2162
2165
2243
2244
2266
3053
3075
3426
3687
3818
3827
4179
462
5055
5104
5265
5329
5345
5624
5627
5648
629
7035
7056
710
712
713
714
716
717
720
721
722
725
727
729
730
731
732
733
735
966
1281
64805
83706
100132285
10437
115653
3806
3808
3809
3810
3811
3812
3821
3822
3823
3824
4261
4800
4801
4802
567
5993
5994
6892
8302
8625
972
10159
116512
1215
1359
1636
183
2028
3816
3817
4012
4311
5547
5550
57486
59272
5972
7064
3661
3663
3665
51284
51311
54106
54472
7096
7100
9641
10010
10392
10628
107181291
10910
114769
115361
115362
118429
140609
152138
171389
199713
222545
22861
22900
24145
25828
260434
2633
2634
2635
340061
3428
388646
4210
440068
4671
4938
4939
4940
51393
55914
56919
57506
58484
59082
6041
64127
64170
7158
7205
7226
7295
79671
79792
820
837
838
84168
846
84674
8767
9051
91662
9447
1654
5300
54941
55593
64135
64343
79132
80143
9636
9755
103
11277
115004
1959
1960
26253
338339
3659
4046
51266
602
93978
1154
116379
122809
2273
2670
30837
5292
5771
8835
9306
9655
100133941
2208
2993
915
916
917
921
924
928
931
945
951
100507436
100528032
10870
117157
135250
154064
22914
259197
353091
4068
4277
51744
6452
79465
80328
80329
919
9436
9437
962
100289462
1051
1673
225689
29761
3934
4314
4322
4586
5596
5597
6278
6279
6280
727897
9618
2625
30009
4094
4794
864
196
3662
50943
5914
6095
6097
9402
27071
8519
971
973
974
975
241
2934
4082
4651
65108
85477
4323
9530
399
7070
7294
5284
57379
1407
1408
26224
406
4862
5187
6096
79365
8553
8863
8864
9572
9575
3760
3762
3763
3765
51655
9722
10818
116228
123096
137682
152831
23028
25915
2641
285521
28958
29078
388753
493753
51103
51241
51287
51412
51548
51780
55471
55744
55818
57492
63976
65260
6595
6597
6598
6599
6601
6602
6603
6604
6605
788
79133
8110
8193
8289
84987
86
90639
91942
9658
10497
10814
10815
140679
22999
23025
246213
339302
440279
4905
57030
57084
5864
594855
6570
6571
6572
6616
6812
6857
8775
10019
10603
10782
11108
11213
25970
27018
3656
396
397
398
4145
4916
57498
9500
2166
221955
222236
57406
747
10991
22941
50944
54407
6505
6506
6507
6511
6512
81539
85358
9229
3759
3761
3768
3770
3785
3786
56479
60482
9132
170572
200909
260293
285242
3359
351
3751
3781
6532
9177
5334
57468
6529
6538
6540
9001
92745
50632
6323
6531
10842
1392
2781
102723532
105369274
10798
107987545
112268384
119678
119679
119682
119687
119692
119694
119695
119749
119764
119765
119772
119774
120065
120066
120586
120775
120776
120787
120793
120796
121129
121130
121275
121364
122740
122742
122748
123041
124538
125958
125962
125963
126370
126541
127059
127062
127064
127066
127068
127069
127074
127077
127385
127608
127623
128360
128366
128367
128368
128371
128372
130075
134083
135924
135941
135946
135948
138799
138802
138803
138804
138805
138881
138882
138883
143496
143502
143503
144124
144125
150681
158131
162998
196335
219417
219428
219429
219431
219432
219436
219437
219438
219447
219453
219464
219469
219473
219477
219479
219482
219484
219487
219493
219858
219865
219869
219870
219873
219874
219875
219952
219954
219956
219957
219958
219959
219960
219965
219968
219981
219982
219983
219986
23538
254783
254786
254879
254973
255725
256144
256148
256892
26188
26189
26211
26212
26219
26245
26246
26248
26333
26338
26339
26341
26476
26492
26493
26494
26496
26497
26529
26530
26531
26532
26533
26534
26538
26539
26595
26648
26658
26659
26664
26682
26683
26686
26687
26689
26692
26693
26696
26707
26716
26735
26737
26740
282763
282770
282775
283092
283093
283110
283111
283159
283160
283162
283189
283297
283365
283617
283694
284383
284433
284521
284532
285659
286362
286365
338662
338674
338675
338751
338755
340980
341152
341276
341416
341418
341568
341799
343169
343170
343171
343172
343173
343406
343563
346517
346525
346528
347168
347169
347468
387748
388761
389090
390036
390037
390038
390054
390058
390059
390061
390063
390064
390066
390067
390072
390075
390077
390078
390079
390081
390082
390083
390084
390093
390113
390142
390144
390148
390151
390152
390154
390155
390157
390162
390167
390168
390174
390181
390190
390191
390195
390197
390199
390201
390260
390261
390264
390265
390271
390275
390321
390323
390326
390327
390429
390431
390432
390433
390436
390437
390439
390441
390442
390445
390538
390648
390649
390882
390883
390892
391107
391109
391112
391114
391121
391189
391190
391191
391192
391194
391195
391196
391211
392133
392138
392309
392376
392390
392391
392392
393046
401427
401663
401665
401666
401667
401992
401993
401994
402135
402317
403239
403244
403253
403257
403273
403274
403277
403278
403282
403284
440153
441308
441608
441639
441669
441670
441911
441932
441933
442179
442184
442185
442186
442191
442194
442361
4991
4992
4993
4994
4995
504189
504190
504191
56656
57101
653166
729759
79290
79295
79296
79310
79317
7932
79324
79334
79339
79345
79346
79470
79473
79482
79490
79501
79541
79544
79549
81050
81061
81099
81127
81168
81282
81285
81300
81309
81318
81327
81328
81341
81392
81399
81442
81448
81458
81466
81469
81470
81472
81696
81697
81797
8383
8386
8387
8388
8389
8390
8392
83988
8590
255022
259285
259286
259287
259289
259290
259291
259292
259293
259294
259295
259296
29850
338398
342372
346562
353164
40
50831
50832
50833
50834
50835
50836
50837
50838
50839
50840
54429
5726
6326
6328
6335
6337
6338
6340
80834
80835
83756
8645
9033
2779
2780
2978
2979
5957
6010
6295
8787
9187
9626
162514
41
51802
55515
79054
8989
9311
10152
10787
10788
128239
1730
221178
2245
3071
3645
3681
3682
50649
55845
7114
81624
8874
89846
9087
9459
10211
2319
23265
23433
5506
5507
5509
5573
5575
5576
5577
79660
89801
90673
9322
116
2695
27445
2864
3651
3767
3780
3782
3783
54795
6514
9699
2796
2797
6770
3835
6793
100653049
10499
125115
147183
162605
192666
2288
2289
25984
342574
353288
3857
3858
3859
3860
3861
3866
3868
3872
3875
3880
3881
3882
3883
3884
3885
3886
390792
54474
7031
8648
8687
8688
8689
9166
434
5443
1447
2001
213
389434
405753
432
433
50506
5172
6528
6906
7038
7270
7276
7849
8458
10025
10231
116931
117247
1733
1734
1735
1827
23389
25942
29079
53919
6567
8841
90390
9282
9440
9442
9862
9882
9968
9969
181
5020
57118
57172
8536
102724428
150094
23235
5531
55671
57223
51099
1179
22802
358
9635
3777
466
4929
51305
10022
117579
3640
6013
6019
190
2516
3739
3776
5087
56246
57552
10568
10893
11214
142680
4324
4325
4326
4666
56302
5741
5744
632
64386
6569
7421
8521
860
9247
9935
389692
10724
11000
133522
22877
51085
5524
57761
6945
7376
1050
177
50507
11091
23746
4221
54554
5929
79798
9049
9070
1363
3382
5798
5799
168620
222546
2494
3087
3110
3171
3174
3375
4760
4821
4825
50674
5078
6928
3758
4306
53828
9351
793
10540
10671
140735
1639
359
360
361
51164
51626
84516
8655
1468
6550
8671
10723
1188
6521
1469
1470
1471
1472
1473
1755
3346
3347
362
4025
4069
4589
54831
5542
55503
5554
5555
6522
653247
6558
6779
115111
2520
3766
3772
3773
389015
54207
6750
9992
10136
1357
1358
1360
1504
1506
1811
219931
23436
51032
5874
63036
9545
2542
6518
6523
10008
11136
1289
1290
1294
1300
1301
1302
1303
1305
1306
1308
169044
1803
2006
206358
23428
255631
340024
3769
4224
4225
50509
5222
643834
643847
6510
6519
6564
7373
7512
80781
81578
85301
9056
1208
29881
337
338
4547
10599
10864
123264
200931
28234
338821
343
366
57835
6554
6555
6579
6580
8431
9376
9971
10560
113278
25974
2694
55788
5948
6948
8029
80704
8884
9963
115019
1181
140803
261729
26872
4489
4490
4493
4494
4495
4496
4499
4501
4502
475
55630
645745
65010
7779
795
79901
1071
10948
114879
255738
27329
29116
341
344
348
350
4018
4035
4043
55908
9217
9218
102
10313
23621
25825
322
3416
57142
6622
8851
8883
11315
120892
2861
5413
7345
9627
10452
4741
4744
4747
5630
57679
84134
9973
10126
127602
146754
1767
1768
1769
1770
196385
201625
23186
25981
27019
3064
3092
55081
55567
56171
64446
7052
7802
83544
8632
8701
10963
26086
5173
23237
10013
121504
126961
128312
158983
2030
255626
286436
3017
3018
3020
3021
333932
440093
440689
51564
554313
5569
55869
653604
79885
8290
8294
8339
8340
8341
8342
8343
8344
8345
8346
8347
8348
8349
8350
8351
8352
8353
8354
8355
8356
8357
8358
8359
8360
8361
8362
8363
8364
8365
8366
8367
8368
8369
8370
83933
84254
8520
85236
8968
8970
9734
10801
124404
1731
23157
23176
23607
26084
391
4735
55752
55964
63916
79658
79767
10945
11014
11015
1445
5803
4691
147700
23207
3831
64837
89953
3394
1195
1937
3297
5861
81876
3039
3040
3043
3250
8542
2532
2994
2995
3820
345611
1992
4583
5269
5272
5273
5275
6317
6318
1828
1054
3434
439996
10399
1796
4599
51209
6504
9367
10625
11100
3267
3836
3838
5045
56649
7113
84000
91543
10474
1108
23352
23462
23493
26508
27175
390992
4799
54626
55502
57801
7015
7283
84667
8638
10524
23373
2874
4487
4488
467
55697
5902
64784
7538
8295
8498
94241
131450
344807
9976
10445
112950
1936
25833
29915
29992
29997
3054
3150
5199
6672
6732
708
26993
27044
3316
5757
7431
100913187
140564
164668
200315
200316
25939
27350
60489
684
85363
9582
9730
10342
11040
1163
1164
2034
238
27436
354
3728
4824
57449
5915
5979
613
7012
7704
8030
862
9915
1025
1053
1668
1991
2078
2115
2118
2119
2120
2130
2138
221037
2313
2521
26471
30012
3195
3205
3206
3207
3248
4005
4066
4291
4298
4299
4300
4613
5077
5079
5081
5090
51274
51513
51804
5218
54738
5546
55589
64332
64919
6495
6692
6756
6757
6760
6935
7102
727837
7403
7404
7490
79058
8013
8091
8464
85414
8842
8861
8938
904
905
28973
3249
9093
445329
64816
6799
6817
6818
117581
2719
27250
2817
286
287
288
3236
4060
406902
406903
406991
7023
7078
7291
84309
100302238
100302282
100500809
100616173
10253
10642
113130
131405
23405
23414
27086
406881
406882
406883
406884
406885
406886
406887
406888
406889
406890
406891
406892
406893
406894
406895
406896
406900
406901
406904
406905
406906
406907
406908
406909
406910
406911
406912
406913
406915
406916
406917
406918
406922
406923
406925
406926
406928
406933
406935
406937
406938
406942
406943
406947
406948
406949
406950
406951
406952
406953
406954
406955
406956
406957
406959
406967
406969
406970
406971
406976
406977
406978
406979
406980
406981
406982
406983
406984
406985
406986
406988
406989
406992
406995
406996
406997
407006
407007
407008
407009
407010
407011
407014
407015
407016
407017
407018
407019
407020
407021
407024
407025
407026
407029
407030
407031
407032
407033
407034
407035
407036
407040
407041
407042
407043
407044
407045
407046
407047
407048
407049
407051
407053
407055
442890
442891
442898
442900
442902
442903
442904
442909
442910
442918
494324
494335
554213
574031
574411
574452
574455
574457
574461
574467
574473
574476
574484
574493
599
619552
6541
6624
6659
6768
693187
693200
693210
8434
8626
90427
9493
9839
7380
196528
29117
55193
55274
1015
1045
83998
23410
9123
9997
126969
204962
23446
57153
6581
6582
6583
6584
80736
5553
6037
8288
6737
6738
6741
3543
1674
1756
2010
4607
6442
6443
6444
6445
7273
1824
1829
1832
5318
88
89
1525
4880
